7336
8400
3572
6297
4222
2722
8008
6915
3172
8477
5282
4495
6232
7321
5109
4463
1521
4089
3339
5528
4024
9914
9641
8291
8959
2322
1843
6830
8275
182
8414
1533
8788
3203
2466
7420
2123
707
7590
7614
2968
2651
968
406
9347
1848
2824
2625
5878
2009
7914
6395
4221
9039
9855
387
5284
5783
8710
4302
8592
8914
8166
4514
4287
8176
847
3146
5422
3293
1762
3300
4963
5481
9024
4380
4374
3805
1306
9834
9710
3561
5095
6776
3349
7273
9854
6550
6494
4864
7333
7595
4662
933
4171
4065
2623
2999
1633
3256
2129
1576
9769
1757
9557
5067
4015
8304
9760
2170
2649
5212
3770
1741
9251
4370
6293
9875
6627
6635
8472
7153
2980
7375
4055
420
9766
852
3210
8181
2299
4899
1149
7990
7348
6386
6071
9662
4115
7327
4062
9385
8594
2926
2100
4624
4456
81
8074
7254
531
8150
3141
5139
700
7616
1445
1709
4925
5847
7923
7789
2944
2969
1588
5642
4077
7775
4518
277
6887
7366
7936
9722
9390
2713
3752
2795
9965
1117
285
385
120
6134
3980
3010
3595
5432
1358
9789
4047
6146
2772
71
9394
8458
8697
6033
9989
3543
4583
2615
5022
4035
7339
4197
8494
1409
8766
6369
2986
2871
2943
4361
8893
3318
140
5160
1185
1311
8861
6737
7818
7823
5506
219
6607
6006
1250
2329
6534
9712
5162
6371
9276
8177
3025
9688
3058
962
1508
2113
212
6
1147
1177
1580
8821
5025
8280
442
4654
1731
6655
7329
8082
4633
5459
6004
6180
6795
1891
5045
9180
4131
1524
225
1785
9176
1624
79
2508
4639
1427
3973
1173
9682
4113
6716
4878
3666
4979
9498
6751
914
6020
2189
6309
3668
9784
2003
8616
7790
4103
763
1531
1812
9665
1595
2503
9930
1647
2607
2000
2491
2805
4593
9259
38
6138
8553
2847
6005
5672
4
8656
5401
6625
3288
4712
10
4353
5787
2727
2382
650
8780
4675
6181
9758
6701
3716
7513
6303
7307
6432
616
3961
157
3230
7026
3182
5363
4120
4408
8906
7200
408
5452
799
4922
6527
4710
625
8417
6601
5668
3988
7092
9424
2766
2278
4249
4296
8556
4125
9672
8779
5474
2483
1231
7413
1515
6956
5763
1095
916
2421
1359
5201
7183
6284
1010
4372
6823
8488
6639
6017
5887
6765
2425
7323
722
1687
8455
9713
5478
4513
18
4733
1726
3964
2130
1536
5431
6301
6204
9280
6014
418
7369
3929
4240
3444
8130
1941
1085
9066
4828
2770
293
4262
1046
2710
276
4331
4655
5490
5771
4433
8154
1108
5722
2297
1932
6443
9608
6365
1819
2437
7704
574
2635
7842
1746
6602
4266
5472
1689
4694
9241
7961
7716
8380
9972
1951
749
1056
9668
2919
4293
1772
4050
365
8361
9799
6114
7255
1391
7589
8068
8137
3066
6481
5681
6925
4535
9209
6207
3956
9092
3106
5784
1201
5400
1561
5255
3907
6907
3482
8369
6233
3573
6825
8384
1921
1154
703
4152
986
